SurviveOptionsValue:3.36816837967032
LeafMoveValue:0.318440075432302
DefaultMoveValue:13.0579052310348
MoveValue:-3.29777475254902
WaitValue:14.464838917695
EnemyBirdDistance:-17.7971062938967
EnemyBirdDistancePow2:4.97663827703521
CantReachValue:5.14252936892397
PathDistValue:-14.996747616875
PathDistValuePow2:10.3745370356358
DepthValue:6.96288384282549
