SurviveOptionsValue:0.584289086621091
LeafMoveValue:0.133328239580754
DefaultMoveValue:-0.705880402518024
MoveValue:0.484813961220406
WaitValue:2.00290886460684
EnemyBirdDistance:1.44469219383044
EnemyBirdDistancePow2:0.82748833107598
CantReachValue:-1.10649581521532
PathDistValue:0.272758094192591
PathDistValuePow2:0.763309770105825
DepthValue:4.78419185921913
